{
  "camera_model": "PINHOLE",
  "fl_x": 711.1110599640117,
  "fl_y": 711.1110599640117,
  "cx": 256.0,
  "cy": 256.0,
  "h": 512,
  "w": 512,
  "frames": [
    {
      "file_path": "00000_rgba.png",
      "depth_file_path": "00000_depth.exr",
      "transform_matrix": [
        [
          -1.0,
          -1.4106497303600918e-07,
          9.291102998076894e-08,
          -1.0605753133874788e-16
        ],
        [
          1.5099580252808664e-07,
          -0.4999999701976776,
          0.866025447845459,
          1.732050895690918
        ],
        [
          -7.571033933118088e-08,
          0.866025447845459,
          0.4999999701976776,
          1.0
        ],
        [
          0.0,
          0.0,
          0.0,
          1.0
        ]
      ]
    },
    {
      "file_path": "00001_rgba.png",
      "depth_file_path": "00001_depth.exr",
      "transform_matrix": [
        [
          -0.30901703238487244,
          0.47552815079689026,
          -0.8236391544342041,
          -1.6472783088684082
        ],
        [
          -0.9510564804077148,
          -0.15450842678546906,
          0.2676166594028473,
          0.535233199596405
        ],
        [
          7.223197684425031e-08,
          0.8660255074501038,
          0.49999988079071045,
          1.0
        ],
        [
          0.0,
          0.0,
          0.0,
          1.0
        ]
      ]
    },
    {
      "file_path": "00002_rgba.png",
      "depth_file_path": "00002_depth.exr",
      "transform_matrix": [
        [
          0.80901700258255,
          0.2938925623893738,
          -0.5090370178222656,
          -1.0180739164352417
        ],
        [
          -0.5877852439880371,
          0.4045083820819855,
          -0.7006293535232544,
          -1.4012585878372192
        ],
        [
          -2.076741267842408e-08,
          0.8660255074501038,
          0.49999988079071045,
          1.0
        ],
        [
          0.0,
          0.0,
          0.0,
          1.0
        ]
      ]
    },
    {
      "file_path": "00003_rgba.png",
      "depth_file_path": "00003_depth.exr",
      "transform_matrix": [
        [
          0.80901700258255,
          -0.2938925623893738,
          0.5090370178222656,
          1.0180739164352417
        ],
        [
          0.5877852439880371,
          0.4045083820819855,
          -0.7006293535232544,
          -1.4012585878372192
        ],
        [
          2.076741267842408e-08,
          0.8660255074501038,
          0.49999988079071045,
          1.0
        ],
        [
          0.0,
          0.0,
          0.0,
          1.0
        ]
      ]
    },
    {
      "file_path": "00004_rgba.png",
      "depth_file_path": "00004_depth.exr",
      "transform_matrix": [
        [
          -0.30901703238487244,
          -0.47552815079689026,
          0.8236391544342041,
          1.6472783088684082
        ],
        [
          0.9510564804077148,
          -0.15450842678546906,
          0.2676166594028473,
          0.535233199596405
        ],
        [
          -7.223197684425031e-08,
          0.8660255074501038,
          0.49999988079071045,
          1.0
        ],
        [
          0.0,
          0.0,
          0.0,
          1.0
        ]
      ]
    }
  ]
}
